   0.0000000e+00   0.0000000e+00   1.3148438e+02
   0.0000000e+00   0.0000000e+00   1.3546875e+02
   0.0000000e+00   0.0000000e+00   1.3945313e+02
   0.0000000e+00   0.0000000e+00   1.4343750e+02
   0.0000000e+00   0.0000000e+00   1.4742188e+02
   0.0000000e+00   0.0000000e+00   1.5140625e+02
   0.0000000e+00   0.0000000e+00   1.5539063e+02
   0.0000000e+00   0.0000000e+00   1.5937500e+02
   0.0000000e+00   0.0000000e+00   1.6335938e+02
   0.0000000e+00   0.0000000e+00   1.6734375e+02
   0.0000000e+00   0.0000000e+00   1.7132813e+02
   0.0000000e+00   0.0000000e+00   1.7531250e+02
   0.0000000e+00   0.0000000e+00   1.7929688e+02
   0.0000000e+00   0.0000000e+00   1.8328125e+02
   0.0000000e+00   0.0000000e+00   1.8726563e+02
   0.0000000e+00   0.0000000e+00   1.9125000e+02
   0.0000000e+00   0.0000000e+00   1.9523438e+02
   0.0000000e+00   0.0000000e+00   1.9921875e+02
   0.0000000e+00   0.0000000e+00   2.0320313e+02
   0.0000000e+00   0.0000000e+00   2.0718750e+02
   0.0000000e+00   0.0000000e+00   2.1117188e+02
   0.0000000e+00   0.0000000e+00   2.1515625e+02
   0.0000000e+00   0.0000000e+00   2.1914063e+02
   0.0000000e+00   0.0000000e+00   2.2312500e+02
   0.0000000e+00   0.0000000e+00   2.2710938e+02
   0.0000000e+00   0.0000000e+00   2.3109375e+02
   0.0000000e+00   0.0000000e+00   2.3507813e+02
   0.0000000e+00   0.0000000e+00   2.3906250e+02
   0.0000000e+00   0.0000000e+00   2.4304688e+02
   0.0000000e+00   0.0000000e+00   2.4703125e+02
   0.0000000e+00   0.0000000e+00   2.5101563e+02
   0.0000000e+00   0.0000000e+00   2.5500000e+02
   0.0000000e+00   3.9843750e+00   2.5500000e+02
   0.0000000e+00   7.9687500e+00   2.5500000e+02
   0.0000000e+00   1.1953125e+01   2.5500000e+02
   0.0000000e+00   1.5937500e+01   2.5500000e+02
   0.0000000e+00   1.9921875e+01   2.5500000e+02
   0.0000000e+00   2.3906250e+01   2.5500000e+02
   0.0000000e+00   2.7890625e+01   2.5500000e+02
   0.0000000e+00   3.1875000e+01   2.5500000e+02
   0.0000000e+00   3.5859375e+01   2.5500000e+02
   0.0000000e+00   3.9843750e+01   2.5500000e+02
   0.0000000e+00   4.3828125e+01   2.5500000e+02
   0.0000000e+00   4.7812500e+01   2.5500000e+02
   0.0000000e+00   5.1796875e+01   2.5500000e+02
   0.0000000e+00   5.5781250e+01   2.5500000e+02
   0.0000000e+00   5.9765625e+01   2.5500000e+02
   0.0000000e+00   6.3750000e+01   2.5500000e+02
   0.0000000e+00   6.7734375e+01   2.5500000e+02
   0.0000000e+00   7.1718750e+01   2.5500000e+02
   0.0000000e+00   7.5703125e+01   2.5500000e+02
   0.0000000e+00   7.9687500e+01   2.5500000e+02
   0.0000000e+00   8.3671875e+01   2.5500000e+02
   0.0000000e+00   8.7656250e+01   2.5500000e+02
   0.0000000e+00   9.1640625e+01   2.5500000e+02
   0.0000000e+00   9.5625000e+01   2.5500000e+02
   0.0000000e+00   9.9609375e+01   2.5500000e+02
   0.0000000e+00   1.0359375e+02   2.5500000e+02
   0.0000000e+00   1.0757813e+02   2.5500000e+02
   0.0000000e+00   1.1156250e+02   2.5500000e+02
   0.0000000e+00   1.1554688e+02   2.5500000e+02
   0.0000000e+00   1.1953125e+02   2.5500000e+02
   0.0000000e+00   1.2351563e+02   2.5500000e+02
   0.0000000e+00   1.2750000e+02   2.5500000e+02
   0.0000000e+00   1.3148438e+02   2.5500000e+02
   0.0000000e+00   1.3546875e+02   2.5500000e+02
   0.0000000e+00   1.3945313e+02   2.5500000e+02
   0.0000000e+00   1.4343750e+02   2.5500000e+02
   0.0000000e+00   1.4742188e+02   2.5500000e+02
   0.0000000e+00   1.5140625e+02   2.5500000e+02
   0.0000000e+00   1.5539063e+02   2.5500000e+02
   0.0000000e+00   1.5937500e+02   2.5500000e+02
   0.0000000e+00   1.6335938e+02   2.5500000e+02
   0.0000000e+00   1.6734375e+02   2.5500000e+02
   0.0000000e+00   1.7132813e+02   2.5500000e+02
   0.0000000e+00   1.7531250e+02   2.5500000e+02
   0.0000000e+00   1.7929688e+02   2.5500000e+02
   0.0000000e+00   1.8328125e+02   2.5500000e+02
   0.0000000e+00   1.8726563e+02   2.5500000e+02
   0.0000000e+00   1.9125000e+02   2.5500000e+02
   0.0000000e+00   1.9523438e+02   2.5500000e+02
   0.0000000e+00   1.9921875e+02   2.5500000e+02
   0.0000000e+00   2.0320313e+02   2.5500000e+02
   0.0000000e+00   2.0718750e+02   2.5500000e+02
   0.0000000e+00   2.1117188e+02   2.5500000e+02
   0.0000000e+00   2.1515625e+02   2.5500000e+02
   0.0000000e+00   2.1914063e+02   2.5500000e+02
   0.0000000e+00   2.2312500e+02   2.5500000e+02
   0.0000000e+00   2.2710938e+02   2.5500000e+02
   0.0000000e+00   2.3109375e+02   2.5500000e+02
   0.0000000e+00   2.3507813e+02   2.5500000e+02
   0.0000000e+00   2.3906250e+02   2.5500000e+02
   0.0000000e+00   2.4304688e+02   2.5500000e+02
   0.0000000e+00   2.4703125e+02   2.5500000e+02
   0.0000000e+00   2.5101563e+02   2.5500000e+02
   0.0000000e+00   2.5500000e+02   2.5500000e+02
   3.9843750e+00   2.5500000e+02   2.5101563e+02
   7.9687500e+00   2.5500000e+02   2.4703125e+02
   1.1953125e+01   2.5500000e+02   2.4304688e+02
   1.5937500e+01   2.5500000e+02   2.3906250e+02
   1.9921875e+01   2.5500000e+02   2.3507813e+02
   2.3906250e+01   2.5500000e+02   2.3109375e+02
   2.7890625e+01   2.5500000e+02   2.2710938e+02
   3.1875000e+01   2.5500000e+02   2.2312500e+02
   3.5859375e+01   2.5500000e+02   2.1914063e+02
   3.9843750e+01   2.5500000e+02   2.1515625e+02
   4.3828125e+01   2.5500000e+02   2.1117188e+02
   4.7812500e+01   2.5500000e+02   2.0718750e+02
   5.1796875e+01   2.5500000e+02   2.0320313e+02
   5.5781250e+01   2.5500000e+02   1.9921875e+02
   5.9765625e+01   2.5500000e+02   1.9523438e+02
   6.3750000e+01   2.5500000e+02   1.9125000e+02
   6.7734375e+01   2.5500000e+02   1.8726563e+02
   7.1718750e+01   2.5500000e+02   1.8328125e+02
   7.5703125e+01   2.5500000e+02   1.7929688e+02
   7.9687500e+01   2.5500000e+02   1.7531250e+02
   8.3671875e+01   2.5500000e+02   1.7132813e+02
   8.7656250e+01   2.5500000e+02   1.6734375e+02
   9.1640625e+01   2.5500000e+02   1.6335938e+02
   9.5625000e+01   2.5500000e+02   1.5937500e+02
   9.9609375e+01   2.5500000e+02   1.5539063e+02
   1.0359375e+02   2.5500000e+02   1.5140625e+02
   1.0757813e+02   2.5500000e+02   1.4742188e+02
   1.1156250e+02   2.5500000e+02   1.4343750e+02
   1.1554688e+02   2.5500000e+02   1.3945313e+02
   1.1953125e+02   2.5500000e+02   1.3546875e+02
   1.2351563e+02   2.5500000e+02   1.3148438e+02
   1.2750000e+02   2.5500000e+02   1.2750000e+02
   1.3148438e+02   2.5500000e+02   1.2351563e+02
   1.3546875e+02   2.5500000e+02   1.1953125e+02
   1.3945313e+02   2.5500000e+02   1.1554688e+02
   1.4343750e+02   2.5500000e+02   1.1156250e+02
   1.4742188e+02   2.5500000e+02   1.0757813e+02
   1.5140625e+02   2.5500000e+02   1.0359375e+02
   1.5539063e+02   2.5500000e+02   9.9609375e+01
   1.5937500e+02   2.5500000e+02   9.5625000e+01
   1.6335938e+02   2.5500000e+02   9.1640625e+01
   1.6734375e+02   2.5500000e+02   8.7656250e+01
   1.7132813e+02   2.5500000e+02   8.3671875e+01
   1.7531250e+02   2.5500000e+02   7.9687500e+01
   1.7929688e+02   2.5500000e+02   7.5703125e+01
   1.8328125e+02   2.5500000e+02   7.1718750e+01
   1.8726563e+02   2.5500000e+02   6.7734375e+01
   1.9125000e+02   2.5500000e+02   6.3750000e+01
   1.9523438e+02   2.5500000e+02   5.9765625e+01
   1.9921875e+02   2.5500000e+02   5.5781250e+01
   2.0320313e+02   2.5500000e+02   5.1796875e+01
   2.0718750e+02   2.5500000e+02   4.7812500e+01
   2.1117188e+02   2.5500000e+02   4.3828125e+01
   2.1515625e+02   2.5500000e+02   3.9843750e+01
   2.1914063e+02   2.5500000e+02   3.5859375e+01
   2.2312500e+02   2.5500000e+02   3.1875000e+01
   2.2710938e+02   2.5500000e+02   2.7890625e+01
   2.3109375e+02   2.5500000e+02   2.3906250e+01
   2.3507813e+02   2.5500000e+02   1.9921875e+01
   2.3906250e+02   2.5500000e+02   1.5937500e+01
   2.4304688e+02   2.5500000e+02   1.1953125e+01
   2.4703125e+02   2.5500000e+02   7.9687500e+00
   2.5101563e+02   2.5500000e+02   3.9843750e+00
   2.5500000e+02   2.5500000e+02   0.0000000e+00
   2.5500000e+02   2.5101563e+02   0.0000000e+00
   2.5500000e+02   2.4703125e+02   0.0000000e+00
   2.5500000e+02   2.4304688e+02   0.0000000e+00
   2.5500000e+02   2.3906250e+02   0.0000000e+00
   2.5500000e+02   2.3507813e+02   0.0000000e+00
   2.5500000e+02   2.3109375e+02   0.0000000e+00
   2.5500000e+02   2.2710938e+02   0.0000000e+00
   2.5500000e+02   2.2312500e+02   0.0000000e+00
   2.5500000e+02   2.1914063e+02   0.0000000e+00
   2.5500000e+02   2.1515625e+02   0.0000000e+00
   2.5500000e+02   2.1117188e+02   0.0000000e+00
   2.5500000e+02   2.0718750e+02   0.0000000e+00
   2.5500000e+02   2.0320313e+02   0.0000000e+00
   2.5500000e+02   1.9921875e+02   0.0000000e+00
   2.5500000e+02   1.9523438e+02   0.0000000e+00
   2.5500000e+02   1.9125000e+02   0.0000000e+00
   2.5500000e+02   1.8726563e+02   0.0000000e+00
   2.5500000e+02   1.8328125e+02   0.0000000e+00
   2.5500000e+02   1.7929688e+02   0.0000000e+00
   2.5500000e+02   1.7531250e+02   0.0000000e+00
   2.5500000e+02   1.7132813e+02   0.0000000e+00
   2.5500000e+02   1.6734375e+02   0.0000000e+00
   2.5500000e+02   1.6335938e+02   0.0000000e+00
   2.5500000e+02   1.5937500e+02   0.0000000e+00
   2.5500000e+02   1.5539063e+02   0.0000000e+00
   2.5500000e+02   1.5140625e+02   0.0000000e+00
   2.5500000e+02   1.4742188e+02   0.0000000e+00
   2.5500000e+02   1.4343750e+02   0.0000000e+00
   2.5500000e+02   1.3945313e+02   0.0000000e+00
   2.5500000e+02   1.3546875e+02   0.0000000e+00
   2.5500000e+02   1.3148438e+02   0.0000000e+00
   2.5500000e+02   1.2750000e+02   0.0000000e+00
   2.5500000e+02   1.2351563e+02   0.0000000e+00
   2.5500000e+02   1.1953125e+02   0.0000000e+00
   2.5500000e+02   1.1554688e+02   0.0000000e+00
   2.5500000e+02   1.1156250e+02   0.0000000e+00
   2.5500000e+02   1.0757813e+02   0.0000000e+00
   2.5500000e+02   1.0359375e+02   0.0000000e+00
   2.5500000e+02   9.9609375e+01   0.0000000e+00
   2.5500000e+02   9.5625000e+01   0.0000000e+00
   2.5500000e+02   9.1640625e+01   0.0000000e+00
   2.5500000e+02   8.7656250e+01   0.0000000e+00
   2.5500000e+02   8.3671875e+01   0.0000000e+00
   2.5500000e+02   7.9687500e+01   0.0000000e+00
   2.5500000e+02   7.5703125e+01   0.0000000e+00
   2.5500000e+02   7.1718750e+01   0.0000000e+00
   2.5500000e+02   6.7734375e+01   0.0000000e+00
   2.5500000e+02   6.3750000e+01   0.0000000e+00
   2.5500000e+02   5.9765625e+01   0.0000000e+00
   2.5500000e+02   5.5781250e+01   0.0000000e+00
   2.5500000e+02   5.1796875e+01   0.0000000e+00
   2.5500000e+02   4.7812500e+01   0.0000000e+00
   2.5500000e+02   4.3828125e+01   0.0000000e+00
   2.5500000e+02   3.9843750e+01   0.0000000e+00
   2.5500000e+02   3.5859375e+01   0.0000000e+00
   2.5500000e+02   3.1875000e+01   0.0000000e+00
   2.5500000e+02   2.7890625e+01   0.0000000e+00
   2.5500000e+02   2.3906250e+01   0.0000000e+00
   2.5500000e+02   1.9921875e+01   0.0000000e+00
   2.5500000e+02   1.5937500e+01   0.0000000e+00
   2.5500000e+02   1.1953125e+01   0.0000000e+00
   2.5500000e+02   7.9687500e+00   0.0000000e+00
   2.5500000e+02   3.9843750e+00   0.0000000e+00
   2.5500000e+02   0.0000000e+00   0.0000000e+00
   2.5101563e+02   0.0000000e+00   0.0000000e+00
   2.4703125e+02   0.0000000e+00   0.0000000e+00
   2.4304688e+02   0.0000000e+00   0.0000000e+00
   2.3906250e+02   0.0000000e+00   0.0000000e+00
   2.3507813e+02   0.0000000e+00   0.0000000e+00
   2.3109375e+02   0.0000000e+00   0.0000000e+00
   2.2710938e+02   0.0000000e+00   0.0000000e+00
   2.2312500e+02   0.0000000e+00   0.0000000e+00
   2.1914063e+02   0.0000000e+00   0.0000000e+00
   2.1515625e+02   0.0000000e+00   0.0000000e+00
   2.1117188e+02   0.0000000e+00   0.0000000e+00
   2.0718750e+02   0.0000000e+00   0.0000000e+00
   2.0320313e+02   0.0000000e+00   0.0000000e+00
   1.9921875e+02   0.0000000e+00   0.0000000e+00
   1.9523438e+02   0.0000000e+00   0.0000000e+00
   1.9125000e+02   0.0000000e+00   0.0000000e+00
   1.8726563e+02   0.0000000e+00   0.0000000e+00
   1.8328125e+02   0.0000000e+00   0.0000000e+00
   1.7929688e+02   0.0000000e+00   0.0000000e+00
   1.7531250e+02   0.0000000e+00   0.0000000e+00
   1.7132813e+02   0.0000000e+00   0.0000000e+00
   1.6734375e+02   0.0000000e+00   0.0000000e+00
   1.6335938e+02   0.0000000e+00   0.0000000e+00
   1.5937500e+02   0.0000000e+00   0.0000000e+00
   1.5539063e+02   0.0000000e+00   0.0000000e+00
   1.5140625e+02   0.0000000e+00   0.0000000e+00
   1.4742188e+02   0.0000000e+00   0.0000000e+00
   1.4343750e+02   0.0000000e+00   0.0000000e+00
   1.3945313e+02   0.0000000e+00   0.0000000e+00
   1.3546875e+02   0.0000000e+00   0.0000000e+00
   1.3148438e+02   0.0000000e+00   0.0000000e+00
   1.2750000e+02   0.0000000e+00   0.0000000e+00
